95.6	64	97.6	99.8	97.8	95.2
92.5	76.3	96.2	99.9	63.3	93.9
89.4	84	88.6	99.7	95.4	92
83.6	77.2	99	99.8	45.2	91.6
85.1	78.5	91.9	99.3	52.1	90.1
85.7	65	88.9	99.2	36.6	87.9
77.6	70	90.4	98.2	100	87.6
86.5	64.3	87.8	97.2	43.3	87.4
80.4	61.9	91.1	99.7	47.9	87.2
85.9	73.5	82.2	98.1	-	86.1
80.8	56.4	88.6	98.5	47.9	85.8
82	49.5	86.9	98.6	47.9	85.2
77.9	63.9	86.1	97.2	33.7	84
76	56.5	78	99	100	82.7
76.8	53.7	85.2	94.4	56.3	82.4
67.4	57.1	88.8	99.1	57.5	82.3
69.8	53.9	78.4	96.5	81.2	79.5
74.7	49.3	72.3	95.3	30.4	77.2
67.1	51.2	70	98.6	43.1	75.6
64.5	45.8	81.2	86.8	52.8	74.5
56.9	42.9	69.8	98.7	56.7	72.2
52.6	61.5	66	99.2	90.4	72.2
57.8	71.5	72.7	86	73.7	72.1
60.1	58.4	72.7	84.3	57.3	71
59.3	31.7	69.7	92.2	63.1	70.3
65.1	33	68.2	86.6	48.5	69.7
62.8	57.8	55.7	96.4	31.4	69.6
54.3	44.9	55.6	99.2	33.5	67
58	39	54.5	95.9	39.4	66.4
57.8	51	49.5	97.7	30.3	66.1
53.5	35.3	61	88	98.5	65.9
49.3	56.3	58.9	93	38	65.5
50.4	40.8	61.9	80.5	56.2	62.3
50.6	33.9	50.3	92.3	39.3	61.5
47.8	29.1	44.2	95.7	63.2	60.1
48.3	51	37.1	96.7	48.9	59.7
51.6	53	46.6	83.2	53.1	59.7
54.4	52.7	39.3	82.5	80.7	58.8

